28 88 0 3890.68565421
19 50 0 2126.53444566
1 53 0 2515.18679096
21 64 1 22 2781.77418206
25 82 1 26 3733.0135232699995
10 69 1 11 3849.282439509999
29 63 1 30 2436.07608636
35 74 1 36 2769.06574335
6 52 2 7 8 2575.16588676
22 91 2 23 24 4739.9174904500005
6 82 2 7 8 4463.68792437
3 81 2 4 5 4955.20136007
0 100 2 1 2 6335.366678490001
11 88 2 12 13 4633.656314010001
20 67 2 21 22 3065.4897933599996
3 72 2 4 5 4213.36543621
16 94 3 17 18 19 4847.45065427
18 69 3 19 20 21 3051.85955127
29 51 3 30 31 32 1655.68769472
34 76 3 35 36 37 2798.30697583
12 76 3 13 14 15 3974.99200577
19 59 3 20 21 22 3112.14623446
29 89 3 30 31 32 4244.706304809999
23 89 2 24 25 4491.6353239499995
|V|=101, |E|=490, !TIE, Radius: 3211.78581843, Diameter: 6210.77450319, runetime: 58 ms